Stages_CyTree10_Leaf_Lod0.001 (-7.09498929977417, -24.428586959838867, 6.144510746002197) (1.5748205184936523, -0.10396193712949753, -0.007491252850741148) (0.3242608308792114, 0.3242608308792114, 0.3242608308792114)
Stages_CyTree10_Leaf_Lod0.002 (-7.09498929977417, -23.76390838623047, 4.555684566497803) (1.5748205184936523, -0.10396192967891693, -2.739000082015991) (0.3242608308792114, 0.3242608308792114, 0.3242608308792114)
Stages_CyTree10_Leaf_Lod0.003 (-3.283757209777832, -21.972896575927734, 6.350552082061768) (2.2807424068450928, 0.14838077127933502, -2.7094943523406982) (0.3772056996822357, 0.37720564007759094, 0.3772056996822357)
Stages_CyTree10_Leaf_Lod0.004 (-3.1180663108825684, -24.94106674194336, 6.095408916473389) (0.6017972826957703, 0.34201768040657043, -3.26967453956604) (0.3772056996822357, 0.37720564007759094, 0.3772056996822357)
Stages_CyTree10_Leaf_Lod0.005 (-1.89589524269104, -23.41939926147461, 5.652196407318115) (1.9679840803146362, -0.671279788017273, -3.164275646209717) (0.2936331629753113, 0.2936331033706665, 0.2936331629753113)
Stages_CyTree10_Leaf_Lod0.006 (9.079813003540039, -21.523574829101562, 6.144510269165039) (1.6956589221954346, 0.2538836598396301, -2.7787036895751953) (0.3242608308792114, 0.3242608308792114, 0.3242608308792114)
Stages_CyTree10_Leaf_Lod0.007 (9.079813003540039, -21.523574829101562, 4.586002826690674) (1.5748205184936523, -0.10396193712949753, -0.007491252850741148) (0.3242608308792114, 0.3242608308792114, 0.3242608308792114)
Stages_CyTree10_Leaf_Lod0.012 (-19.617679595947266, -57.974273681640625, 0.6108911037445068) (0.08924341201782227, -4.7815479774726555e-05, 0.0356910303235054) (0.7677906155586243, 0.9999987483024597, 0.9999889731407166)
Stages_CyTree10_Leaf_Lod0.008 (3.148082971572876, -43.14973449707031, 0.486228883266449) (-0.6252724528312683, 0.07023491710424423, -3.0663065910339355) (0.7679181098937988, 1.0130293369293213, 1.1890283823013306)
Stages_CyTree10_Leaf_Lod0.009 (2.311220407485962, -42.40876007080078, 0.486228883266449) (-0.33895882964134216, -0.3078208267688751, 1.6691503524780273) (0.7679181098937988, 1.0130293369293213, 1.1890283823013306)
Stages_CyTree10_Leaf_Lod0.010 (17.211530685424805, -42.05262756347656, 0.486228883266449) (-0.6252723932266235, 0.07023487985134125, -3.0663068294525146) (0.7679181098937988, 1.0130293369293213, 1.1890283823013306)
Stages_CyTree10_Leaf_Lod0.011 (24.398710250854492, -34.463504791259766, 1.6240028142929077) (1.1585999727249146, 0.013636675663292408, 4.608468055725098) (0.9998664259910583, 0.8226267099380493, 0.9683731198310852)
Stages_CyTree10_Leaf_Lod0.013 (32.84208679199219, -14.73208999633789, -2.594154119491577) (1.5707964897155762, -0.0, -1.7231638431549072) (0.7394497990608215, 0.7394497394561768, 0.7394497990608215)
Stages_CyTree10_Leaf_Lod0.014 (-4.00272274017334, -54.30450439453125, 4.522120952606201) (1.6579397916793823, 0.16118967533111572, 0.016422221437096596) (0.34759432077407837, 0.2735536992549896, 0.3483206033706665)
Stages_CyTree10_Leaf_Lod0.015 (-4.00272274017334, -53.59050369262695, 3.8248472213745117) (1.5748205184936523, -0.10396192967891693, -2.739000082015991) (0.34759438037872314, 0.2735536992549896, 0.3483206331729889)
Stages_CyTree10_Leaf_Lod0.016 (36.93083572387695, -24.97442626953125, 3.8248469829559326) (1.5748205184936523, -0.10396193712949753, -3.214493989944458) (0.5650106072425842, 0.4446583092212677, 0.5661911368370056)
Stages_CyTree10_Leaf_Lod0.017 (32.6536750793457, -36.416481018066406, 3.8248472213745117) (1.718170166015625, 0.0899919643998146, -3.133021593093872) (0.5650106072425842, 0.4446583092212677, 0.5661911368370056)
Stages_CyTree10_Leaf_Lod0.018 (34.01795196533203, -44.06294631958008, 4.112466335296631) (1.7471915483474731, 0.4355074465274811, -3.113142490386963) (0.5650106072425842, 0.4446583092212677, 0.5661911368370056)
Stages_CyTree10_Leaf_Lod0.019 (40.385536193847656, -30.95032501220703, 4.071041584014893) (1.286040186882019, 0.013223563320934772, -4.841207504272461) (0.5650106072425842, 0.4446583092212677, 0.5661911368370056)
Stages_CyTree10_Leaf_Lod0.021 (-29.555418014526367, -40.37300109863281, 3.8248469829559326) (1.5748205184936523, -0.10396193712949753, 0.15361909568309784) (0.5650106072425842, 0.4446583092212677, 0.5661911368370056)
Stages_CyTree10_Leaf_Lod0.022 (-27.957273483276367, -28.262649536132812, 3.8248472213745117) (1.718170166015625, 0.0899919718503952, 0.23509147763252258) (0.5650106072425842, 0.4446583092212677, 0.5661911368370056)
Stages_CyTree10_Leaf_Lod0.023 (-31.004005432128906, -21.117923736572266, 4.112466335296631) (1.7471915483474731, 0.4355074465274811, 0.25497058033943176) (0.5650106072425842, 0.4446583092212677, 0.5661911368370056)
Stages_CyTree10_Leaf_Lod0.024 (-34.26397705078125, -35.32564926147461, 4.071041584014893) (1.286040186882019, 0.013223562389612198, -1.4730944633483887) (0.5650106072425842, 0.4446583092212677, 0.5661911368370056)
Stages_CyTree10_Leaf_Lod0.026 (18.943918228149414, -25.104591369628906, 6.350552082061768) (2.2807424068450928, 0.14838077127933502, -2.0762619972229004) (0.3772056996822357, 0.37720564007759094, 0.3772056996822357)
Stages_CyTree10_Leaf_Lod0.027 (20.83390998840332, -27.399240493774414, 6.095408916473389) (0.601797342300415, 0.34201768040657043, -2.636442184448242) (0.3772056996822357, 0.37720564007759094, 0.3772056996822357)
Stages_CyTree10_Leaf_Lod0.028 (19.234102249145508, -35.637725830078125, 5.505751609802246) (2.2807424068450928, 0.14838077127933502, -1.5365227460861206) (0.3256048560142517, 0.32560479640960693, 0.3256048262119293)
Stages_CyTree10_Leaf_Lod0.029 (21.651554107666016, -36.49847412109375, 5.2855119705200195) (0.601797342300415, 0.3420177102088928, -2.096702814102173) (0.3256048858165741, 0.3256048262119293, 0.3256048858165741)
Stages_CyTree10_Leaf_Lod0.025 (-29.555418014526367, -53.656471252441406, 3.8248469829559326) (1.5748205184936523, -0.10396193712949753, 1.1604773998260498) (0.5650106072425842, 0.4446583092212677, 0.5661911368370056)